[[ 2.06902884e-02  7.78392132e-05 -7.56393129e-04 -8.75869224e-03]
 [-1.81579962e-05  2.30184980e-02  4.74072993e-03  2.41930666e-01]
 [ 4.14802955e-04 -2.87496950e-03  3.79362665e-02 -9.08827371e-02]
 [ 0.00000000e+00  0.00000000e+00  0.00000000e+00  1.00000000e+00]]
[[ 2.06902884e-02  7.78392132e-05 -7.56393129e-04 -8.75869224e-03]
 [-1.81579962e-05  2.30184980e-02  4.74072993e-03  2.41930666e-01]
 [ 4.14802955e-04 -2.87496950e-03  3.79362665e-02 -9.08827371e-02]
 [ 0.00000000e+00  0.00000000e+00  0.00000000e+00  1.00000000e+00]]
Done
0.02 0.00 -0.00 -0.01
-0.00 0.02 0.00 0.24
0.00 -0.00 0.04 -0.09
0.00 0.00 0.00 1.00

48.31 -0.04 0.97 0.52
0.14 42.78 -5.34 -10.83
-0.52 3.24 25.94 1.57
0.00 0.00 0.00 1.00
